0
1E-3
0.002
0.003
0.004
0.005
0.006
0.007
0.008
0.009
0.01
0.011
0.012
0.013
0.014
0.015
0.016
0.017
0.018
0.019
0.02
0.021
0.022
0.023
0.024
0.025
0.026
0.027
0.028
0.029
0.03
0.031
0.032
0.033
0.034
0.035
0.036
0.037
0.038
0.039
0.04
0.041
0.042
0.043
0.044
0.045
0.046
0.047
0.048
0.049
0.05
0.051
0.052
0.053
0.054
0.055
0.056
0.057
0.058
0.059
0.06
0.061
0.062
0.063
0.064
0.065
0.066
0.067
0.068
0.069
0.07
0.071
0.072
0.073
0.074
0.075
0.076
0.077
0.078
0.079
0.08
0.081
0.082
0.083
0.084
0.085
0.086
0.087
0.088
0.089
0.09
0.091
0.092
0.093
0.094
0.095
0.096
0.097
0.098
0.099
0.1
0.101
0.102
0.103
0.104
0.105
0.106
0.107
0.108
0.109
0.11
0.111
0.112
0.113
0.114
0.115
0.116
0.117
0.118
0.119
0.12
0.121
0.122
0.123
0.124
0.125
0.126
0.127
0.128
0.129
0.13
0.131
0.132
0.133
0.134
0.135
0.136
0.137
0.138
0.139
0.14
0.141
0.142
0.143
0.144
0.145
0.146
0.147
0.148
0.149
0.15
0.151
0.152
0.153
0.154
0.155
0.156
0.157
0.158
0.159
0.16
0.161
0.162
0.163
0.164
0.165
0.166
0.167
0.168
0.169
0.17
0.171
0.172
0.173
0.174
0.175
0.176
0.177
0.178
0.179
0.18
0.181
0.182
0.183
0.184
0.185
0.186
0.187
0.188
0.189
0.19
0.191
0.192
0.193
0.194
0.195
0.196
0.197
0.198
0.199
0.2
0.201
0.202
0.203
0.204
0.205
0.206
0.207
0.208
0.209
0.21
0.211
0.212
0.213
0.214
0.215
0.216
0.217
0.218
0.219
0.22
0.221
0.222
0.223
0.224
0.225
0.226
0.227
0.228
0.229
0.23
0.231
0.232
0.233
0.234
0.235
0.236
0.237
0.238
0.239
0.24
0.241
0.242
0.243
0.244
0.245
0.246
0.247
0.248
0.249
0.25
0.251
0.252
0.253
0.254
0.255
0.256
0.257
0.258
0.259
0.26
0.261
0.262
0.263
0.264
0.265
0.266
0.267
0.268
0.269
0.27
0.271
0.272
0.273
0.274
0.275
0.276
0.277
0.278
0.279
0.28
0.281
0.282
0.283
0.284
0.285
0.286
0.287
0.288
0.289
0.29
0.291
0.292
0.293
0.294
0.295
0.296
0.297
0.298
0.299
0.3
0.301
0.302
0.303
0.304
0.305
0.306
0.307
0.308
0.309
0.31
0.311
0.312
0.313
0.314
0.315
0.316
0.317
0.318
0.319
0.32
0.321
0.322
0.323
0.324
0.325
0.326
0.327
0.328
0.329
0.33
0.331
0.332
0.333
0.334
0.335
0.336
0.337
0.338
0.339
0.34
0.341
0.342
0.343
0.344
0.345
0.346
0.347
0.348
0.349
0.35
0.351
0.352
0.353
0.354
0.355
0.356
0.357
0.358
0.359
0.36
0.361
0.362
0.363
0.364
0.365
0.366
0.367
0.368
0.369
0.37
0.371
0.372
0.373
0.374
0.375
0.376
0.377
0.378
0.379
0.38
0.381
0.382
0.383
0.384
0.385
0.386
0.387
0.388
0.389
0.39
0.391
0.392
0.393
0.394
0.395
0.396
0.397
0.398
0.399
0.4
0.401
0.402
0.403
0.404
0.405
0.406
0.407
0.408
0.409
0.41
0.411
0.412
0.413
0.414
0.415
0.416
0.417
0.418
0.419
0.42
0.421
0.422
0.423
0.424
0.425
0.426
0.427
0.428
0.429
0.43
0.431
0.432
0.433
0.434
0.435
0.436
0.437
0.438
0.439
0.44
0.441
0.442
0.443
0.444
0.445
0.446
0.447
0.448
0.449
0.45
0.451
0.452
0.453
0.454
0.455
0.456
0.457
0.458
0.459
0.46
0.461
0.462
0.463
0.464
0.465
0.466
0.467
0.468
0.469
0.47
0.471
0.472
0.473
0.474
0.475
0.476
0.477
0.478
0.479
0.48
0.481
0.482
0.483
0.484
0.485
0.486
0.487
0.488
0.489
0.49
0.491
0.492
0.493
0.494
0.495
0.496
0.497
0.498
0.499
0.5
0.501
0.502
0.503
0.504
0.505
0.506
0.507
0.508
0.509
0.51
0.511
0.512
0.513
0.514
0.515
0.516
0.517
0.518
0.519
0.52
0.521
0.522
0.523
0.524
0.525
0.526
0.527
0.528
0.529
0.53
0.531
0.532
0.533
0.534
0.535
0.536
0.537
0.538
0.539
0.54
0.541
0.542
0.543
0.544
0.545
0.546
0.547
0.548
0.549
0.55
0.551
0.552
0.553
0.554
0.555
0.556
0.557
0.558
0.559
0.56
0.561
0.562
0.563
0.564
0.565
0.566
0.567
0.568
0.569
0.57
0.571
0.572
0.573
0.574
0.575
0.576
0.577
0.578
0.579
0.58
0.581
0.582
0.583
0.584
0.585
0.586
0.587
0.588
0.589
0.59
0.591
0.592
0.593
0.594
0.595
0.596
0.597
0.598
0.599
0.6
0.601
0.602
0.603
0.604
0.605
0.606
0.607
0.608
0.609
0.61
0.611
0.612
0.613
0.614
0.615
0.616
0.617
0.618
0.619
0.62
0.621
0.622
0.623
0.624
0.625
0.626
0.627
0.628
0.629
0.63
0.631
0.632
0.633
0.634
0.635
0.636
0.637
0.638
0.639
0.64
0.641
0.642
0.643
0.644
0.645
0.646
0.647
0.648
0.649
0.65
0.651
0.652
0.653
0.654
0.655
0.656
0.657
0.658
0.659
0.66
0.661
0.662
0.663
0.664
0.665
0.666
0.667
0.668
0.669
0.67
0.671
0.672
0.673
0.674
0.675
0.676
0.677
0.678
0.679
0.68
0.681
0.682
0.683
0.684
0.685
0.686
0.687
0.688
0.689
0.69
0.691
0.692
0.693
0.694
0.695
0.696
0.697
0.698
0.699
0.7
0.701
0.702
0.703
0.704
0.705
0.706
0.707
0.708
0.709
0.71
0.711
0.712
0.713
0.714
0.715
0.716
0.717
0.718
0.719
0.72
0.721
0.722
0.723
0.724
0.725
0.726
0.727
0.728
0.729
0.73
0.731
0.732
0.733
0.734
0.735
0.736
0.737
0.738
0.739
0.74
0.741
0.742
0.743
0.744
0.745
0.746
0.747
0.748
0.749
0.75
0.751
0.752
0.753
0.754
0.755
0.756
0.757
0.758
0.759
0.76
0.761
0.762
0.763
0.764
0.765
0.766
0.767
0.768
0.769
0.77
0.771
0.772
0.773
0.774
0.775
0.776
0.777
0.778
0.779
0.78
0.781
0.782
0.783
0.784
0.785
0.786
0.787
0.788
0.789
0.79
0.791
0.792
0.793
0.794
0.795
0.796
0.797
0.798
0.799
0.8
0.801
0.802
0.803
0.804
0.805
0.806
0.807
0.808
0.809
0.81
0.811
0.812
0.813
0.814
0.815
0.816
0.817
0.818
0.819
0.82
0.821
0.822
0.823
0.824
0.825
0.826
0.827
0.828
0.829
0.83
0.831
0.832
0.833
0.834
0.835
0.836
0.837
0.838
0.839
0.84
0.841
0.842
0.843
0.844
0.845
0.846
0.847
0.848
0.849
0.85
0.851
0.852
0.853
0.854
0.855
0.856
0.857
0.858
0.859
0.86
0.861
0.862
0.863
0.864
0.865
0.866
0.867
0.868
0.869
0.87
0.871
0.872
0.873
0.874
0.875
0.876
0.877
0.878
0.879
0.88
0.881
0.882
0.883
0.884
0.885
0.886
0.887
0.888
0.889
0.89
0.891
0.892
0.893
0.894
0.895
0.896
0.897
0.898
0.899
0.9
0.901
0.902
0.903
0.904
0.905
0.906
0.907
0.908
0.909
0.91
0.911
0.912
0.913
0.914
0.915
0.916
0.917
0.918
0.919
0.92
0.921
0.922
0.923
0.924
0.925
0.926
0.927
0.928
0.929
0.93
0.931
0.932
0.933
0.934
0.935
0.936
0.937
0.938
0.939
0.94
0.941
0.942
0.943
0.944
0.945
0.946
0.947
0.948
0.949
0.95
0.951
0.952
0.953
0.954
0.955
0.956
0.957
0.958
0.959
0.96
0.961
0.962
0.963
0.964
0.965
0.966
0.967
0.968
0.969
0.97
0.971
0.972
0.973
0.974
0.975
0.976
0.977
0.978
0.979
0.98
0.981
0.982
0.983
0.984
0.985
0.986
0.987
0.988
0.989
0.99
0.991
0.992
0.993
0.994
0.995
0.996
0.997
0.998
0.999
1
1.01
1.02
1.03
1.04
1.05
1.06
1.07
1.08
1.09
1.1
1.11
1.12
1.13
1.14
1.15
1.16
1.17
1.18
1.19
1.2
1.21
1.22
1.23
1.24
1.25
1.26
1.27
1.28
1.29
1.3
1.31
1.32
1.33
1.34
1.35
1.36
1.37
1.38
1.39
1.4
1.41
1.42
1.43
1.44
1.45
1.46
1.47
1.48
1.49
1.5
1.51
1.52
1.53
1.54
1.55
1.56
1.57
1.58
1.59
1.6
1.61
1.62
1.63
1.64
1.65
1.66
1.67
1.68
1.69
1.7
1.71
1.72
1.73
1.74
1.75
1.76
1.77
1.78
1.79
1.8
1.81
1.82
1.83
1.84
1.85
1.86
1.87
1.88
1.89
1.9
1.91
1.92
1.93
1.94
1.95
1.96
1.97
1.98
1.99
2
2.01
2.02
2.03
2.04
2.05
2.06
2.07
2.08
2.09
2.1
2.11
2.12
2.13
2.14
2.15
2.16
2.17
2.18
2.19
2.2
2.21
2.22
2.23
2.24
2.25
2.26
2.27
2.28
2.29
2.3
2.31
2.32
2.33
2.34
2.35
2.36
2.37
2.38
2.39
2.4
2.41
2.42
2.43
2.44
2.45
2.46
2.47
2.48
2.49
2.5
2.51
2.52
2.53
2.54
2.55
2.56
2.57
2.58
2.59
2.6
2.61
2.62
2.63
2.64
2.65
2.66
2.67
2.68
2.69
2.7
2.71
2.72
2.73
2.74
2.75
2.76
2.77
2.78
2.79
2.8
2.81
2.82
2.83
2.84
2.85
2.86
2.87
2.88
2.89
2.9
2.91
2.92
2.93
2.94
2.95
2.96
2.97
2.98
2.99
3
3.01
3.02
3.03
3.04
3.05
3.06
3.07
3.08
3.09
3.1
3.11
3.12
3.13
3.14
3.15
3.16
3.17
3.18
3.19
3.2
3.21
3.22
3.23
3.24
3.25
3.26
3.27
3.28
3.29
3.3
3.31
3.32
3.33
3.34
3.35
3.36
3.37
3.38
3.39
3.4
3.41
3.42
3.43
3.44
3.45
3.46
3.47
3.48
3.49
3.5
3.51
3.52
3.53
3.54
3.55
3.56
3.57
3.58
3.59
3.6
3.61
3.62
3.63
3.64
3.65
3.66
3.67
3.68
3.69
3.7
3.71
3.72
3.73
3.74
3.75
3.76
3.77
3.78
3.79
3.8
3.81
3.82
3.83
3.84
3.85
3.86
3.87
3.88
3.89
3.9
3.91
3.92
3.93
3.94
3.95
3.96
3.97
3.98
3.99
4
4.01
4.02
4.03
4.04
4.05
4.06
4.07
4.08
4.09
4.1
4.11
4.12
4.13
4.14
4.15
4.16
4.17
4.18
4.19
4.2
4.21
4.22
4.23
4.24
4.25
4.26
4.27
4.28
4.29
4.3
4.31
4.32
4.33
4.34
4.35
4.36
4.37
4.38
4.39
4.4
4.41
4.42
4.43
4.44
4.45
4.46
4.47
4.48
4.49
4.5
4.51
4.52
4.53
4.54
4.55
4.56
4.57
4.58
4.59
4.6
4.61
4.62
4.63
4.64
4.65
4.66
4.67
4.68
4.69
4.7
4.71
4.72
4.73
4.74
4.75
4.76
4.77
4.78
4.79
4.8
4.81
4.82
4.83
4.84
4.85
4.86
4.87
4.88
4.89
4.9
4.91
4.92
4.93
4.94
4.95
4.96
4.97
4.98
4.99
5
5.01
5.02
5.03
5.04
5.05
5.06
5.07
5.08
5.09
5.1
5.11
5.12
5.13
5.14
5.15
5.16
5.17
5.18
5.19
5.2
5.21
5.22
5.23
5.24
5.25
5.26
5.27
5.28
5.29
5.3
5.31
5.32
5.33
5.34
5.35
5.36
5.37
5.38
5.39
5.4
5.41
5.42
5.43
5.44
5.45
5.46
5.47
5.48
5.49
5.5
5.51
5.52
5.53
5.54
5.55
5.56
5.57
5.58
5.59
5.6
5.61
5.62
5.63
5.64
5.65
5.66
5.67
5.68
5.69
5.7
5.71
5.72
5.73
5.74
5.75
5.76
5.77
5.78
5.79
5.8
5.81
5.82
5.83
5.84
5.85
5.86
5.87
5.88
5.89
5.9
5.91
5.92
5.93
5.94
5.95
5.96
5.97
5.98
5.99
6
6.01
6.02
6.03
6.04
6.05
6.06
6.07
6.08
6.09
6.1
6.11
6.12
6.13
6.14
6.15
6.16
6.17
6.18
6.19
6.2
6.21
6.22
6.23
6.24
6.25
6.26
6.27
6.28
6.29
6.3
6.31
6.32
6.33
6.34
6.35
6.36
6.37
6.38
6.39
6.4
6.41
6.42
6.43
6.44
6.45
6.46
6.47
6.48
6.49
6.5
6.51
6.52
6.53
6.54
6.55
6.56
6.57
6.58
6.59
6.6
6.61
6.62
6.63
6.64
6.65
6.66
6.67
6.68
6.69
6.7
6.71
6.72
6.73
6.74
6.75
6.76
6.77
6.78
6.79
6.8
6.81
6.82
6.83
6.84
6.85
6.86
6.87
6.88
6.89
6.9
6.91
6.92
6.93
6.94
6.95
6.96
6.97
6.98
6.99
7
7.01
7.02
7.03
7.04
7.05
7.06
7.07
7.08
7.09
7.1
7.11
7.12
7.13
7.14
7.15
7.16
7.17
7.18
7.19
7.2
7.21
7.22
7.23
7.24
7.25
7.26
7.27
7.28
7.29
7.3
7.31
7.32
7.33
7.34
7.35
7.36
7.37
7.38
7.39
7.4
7.41
7.42
7.43
7.44
7.45
7.46
7.47
7.48
7.49
7.5
7.51
7.52
7.53
7.54
7.55
7.56
7.57
7.58
7.59
7.6
7.61
7.62
7.63
7.64
7.65
7.66
7.67
7.68
7.69
7.7
7.71
7.72
7.73
7.74
7.75
7.76
7.77
7.78
7.79
7.8
7.81
7.82
7.83
7.84
7.85
7.86
7.87
7.88
7.89
7.9
7.91
7.92
7.93
7.94
7.95
7.96
7.97
7.98
7.99
8
8.01
8.02
8.03
8.04
8.05
8.06
8.07
8.08
8.09
8.1
8.11
8.12
8.13
8.14
8.15
8.16
8.17
8.18
8.19
8.2
8.21
8.22
8.23
8.24
8.25
8.26
8.27
8.28
8.29
8.3
8.31
8.32
8.33
8.34
8.35
8.36
8.37
8.38
8.39
8.4
8.41
8.42
8.43
8.44
8.45
8.46
8.47
8.48
8.49
8.5
8.51
8.52
8.53
8.54
8.55
8.56
8.57
8.58
8.59
8.6
8.61
8.62
8.63
8.64
8.65
8.66
8.67
8.68
8.69
8.7
8.71
8.72
8.73
8.74
8.75
8.76
8.77
8.78
8.79
8.8
8.81
8.82
8.83
8.84
8.85
8.86
8.87
8.88
8.89
8.9
8.91
8.92
8.93
8.94
8.95
8.96
8.97
8.98
8.99
9
9.01
9.02
9.03
9.04
9.05
9.06
9.07
9.08
9.09
9.1
9.11
9.12
9.13
9.14
9.15
9.16
9.17
9.18
9.19
9.2
9.21
9.22
9.23
9.24
9.25
9.26
9.27
9.28
9.29
9.3
9.31
9.32
9.33
9.34
9.35
9.36
9.37
9.38
9.39
9.4
9.41
9.42
9.43
9.44
9.45
9.46
9.47
9.48
9.49
9.5
9.51
9.52
9.53
9.54
9.55
9.56
9.57
9.58
9.59
9.6
9.61
9.62
9.63
9.64
9.65
9.66
9.67
9.68
9.69
9.7
9.71
9.72
9.73
9.74
9.75
9.76
9.77
9.78
9.79
9.8
9.81
9.82
9.83
9.84
9.85
9.86
9.87
9.88
9.89
9.9
9.91
9.92
9.93
9.94
9.95
9.96
9.97
9.98
9.99
10
10.01
10.11
10.21
10.31
10.41
10.51
10.61
10.71
10.81
10.91
11.01
11.11
11.21
11.31
11.41
11.51
11.61
11.71
11.81
11.91
12.01
12.11
12.21
12.31
12.41
12.51
12.61
12.71
12.81
12.91
13.01
13.11
13.21
13.31
13.41
13.51
13.61
13.71
13.81
13.91
14.01
14.11
14.21
14.31
14.41
14.51
14.61
14.71
14.81
14.91
15.01
15.11
15.21
15.31
15.41
15.51
15.61
15.71
15.81
15.91
16.01
16.11
16.21
16.31
16.41
16.51
16.61
16.71
16.81
16.91
17.01
17.11
17.21
17.31
17.41
17.51
17.61
17.71
17.81
17.91
18.01
18.11
18.21
18.31
18.41
18.51
18.61
18.71
18.81
18.91
19.01
19.11
19.21
19.31
19.41
19.51
19.61
19.71
19.81
19.91
20.01
20.11
20.21
20.31
20.41
20.51
20.61
20.71
20.81
20.91
21.01
21.11
21.21
21.31
21.41
21.51
21.61
21.71
21.81
21.91
22.01
22.11
22.21
22.31
22.41
22.51
22.61
22.71
22.81
22.91
23.01
23.11
23.21
23.31
23.41
23.51
23.61
23.71
23.81
23.91
24.01
24.11
24.21
24.31
24.41
24.51
24.61
24.71
24.81
24.91
25.01
25.11
25.21
25.31
25.41
25.51
25.61
25.71
25.81
25.91
26.01
26.11
26.21
26.31
26.41
26.51
26.61
26.71
26.81
26.91
27.01
27.11
27.21
27.31
27.41
27.51
27.61
27.71
27.81
27.91
28.01
28.11
28.21
28.31
28.41
28.51
28.61
28.71
28.81
28.91
29.01
29.11
29.21
29.31
29.41
29.51
29.61
29.71
29.81
29.91
30.01
30.11
30.21
30.31
30.41
30.51
30.61
30.71
30.81
30.91
31.01
31.11
31.21
31.31
31.41
31.51
31.61
31.71
31.81
31.91
32.01
32.11
32.21
32.31
32.41
32.51
32.61
32.71
32.81
32.91
33.01
33.11
33.21
33.31
33.41
33.51
33.61
33.71
33.81
33.91
34.01
34.11
34.21
34.31
34.41
34.51
34.61
34.71
34.81
34.91
35.01
35.11
35.21
35.31
35.41
35.51
35.61
35.71
35.81
35.91
36.01
36.11
36.21
36.31
36.41
36.51
36.61
36.71
36.81
36.91
37.01
37.11
37.21
37.31
37.41
37.51
37.61
37.71
37.81
37.91
38.01
38.11
38.21
38.31
38.41
38.51
38.61
38.71
38.81
38.91
39.01
39.11
39.21
39.31
39.41
39.51
39.61
39.71
39.81
39.91
40.01
40.11
40.21
40.31
40.41
40.51
40.61
40.71
40.81
40.91
41.01
41.11
41.21
41.31
41.41
41.51
41.61
41.71
41.81
41.91
42.01
42.11
42.21
42.31
42.41
42.51
42.61
42.71
42.81
42.91
43.01
43.11
43.21
43.31
43.41
43.51
43.61
43.71
43.81
43.91
44.01
44.11
44.21
44.31
44.41
44.51
44.61
44.71
44.81
44.91
45.01
45.11
45.21
45.31
45.41
45.51
45.61
45.71
45.81
45.91
46.01
46.11
46.21
46.31
46.41
46.51
46.61
46.71
46.81
46.91
47.01
47.11
47.21
47.31
47.41
47.51
47.61
47.71
47.81
47.91
48.01
48.11
48.21
48.31
48.41
48.51
48.61
48.71
48.81
48.91
49.01
49.11
49.21
49.31
49.41
49.51
49.61
49.71
49.81
49.91
50.01
50.11
50.21
50.31
50.41
50.51
50.61
50.71
50.81
50.91
51.01
51.11
51.21
51.31
51.41
51.51
51.61
51.71
51.81
51.91
52.01
52.11
52.21
52.31
52.41
52.51
52.61
52.71
52.81
52.91
53.01
53.11
53.21
53.31
53.41
53.51
53.61
53.71
53.81
53.91
54.01
54.11
54.21
54.31
54.41
54.51
54.61
54.71
54.81
54.91
55.01
55.11
55.21
55.31
55.41
55.51
55.61
55.71
55.81
55.91
56.01
56.11
56.21
56.31
56.41
56.51
56.61
56.71
56.81
56.91
57.01
57.11
57.21
57.31
57.41
57.51
57.61
57.71
57.81
57.91
58.01
58.11
58.21
58.31
58.41
58.51
58.61
58.71
58.81
58.91
59.01
59.11
59.21
59.31
59.41
59.51
59.61
59.71
59.81
59.91
60.01
60.11
60.21
60.31
60.41
60.51
60.61
60.71
60.81
60.91
61.01
61.11
61.21
61.31
61.41
61.51
61.61
61.71
61.81
61.91
62.01
62.11
62.21
62.31
62.41
62.51
62.61
62.71
62.81
62.91
63.01
63.11
63.21
63.31
63.41
63.51
63.61
63.71
63.81
63.91
64.01
64.11
64.21
64.31
64.41
64.51
64.61
64.71
64.81
64.91
65.01
65.11
65.21
65.31
65.41
65.51
65.61
65.71
65.81
65.91
66.01
66.11
66.21
66.31
66.41
66.51
66.61
66.71
66.81
66.91
67.01
67.11
67.21
67.31
67.41
67.51
67.61
67.71
67.81
67.91
68.01
68.11
68.21
68.31
68.41
68.51
68.61
68.71
68.81
68.91
69.01
69.11
69.21
69.31
69.41
69.51
69.61
69.71
69.81
69.91
70.01
70.11
70.21
70.31
70.41
70.51
70.61
70.71
70.81
70.91
71.01
71.11
71.21
71.31
71.41
71.51
71.61
71.71
71.81
71.91
72.01
72.11
72.21
72.31
72.41
72.51
72.61
72.71
72.81
72.91
73.01
73.11
73.21
73.31
73.41
73.51
73.61
73.71
73.81
73.91
74.01
74.11
74.21
74.31
74.41
74.51
74.61
74.71
74.81
74.91
75.01
75.11
75.21
75.31
75.41
75.51
75.61
75.71
75.81
75.91
76.01
76.11
76.21
76.31
76.41
76.51
76.61
76.71
76.81
76.91
77.01
77.11
77.21
77.31
77.41
77.51
77.61
77.71
77.81
77.91
78.01
78.11
78.21
78.31
78.41
78.51
78.61
78.71
78.81
78.91
79.01
79.11
79.21
79.31
79.41
79.51
79.61
79.71
79.81
79.91
80.01
80.11
80.21
80.31
80.41
80.51
80.61
80.71
80.81
80.91
81.01
81.11
81.21
81.31
81.41
81.51
81.61
81.71
81.81
81.91
82.01
82.11
82.21
82.31
82.41
82.51
82.61
82.71
82.81
82.91
83.01
83.11
83.21
83.31
83.41
83.51
83.61
83.71
83.81
83.91
84.01
84.11
84.21
84.31
84.41
84.51
84.61
84.71
84.81
84.91
85.01
85.11
85.21
85.31
85.41
85.51
85.61
85.71
85.81
85.91
86.01
86.11
86.21
86.31
86.41
86.51
86.61
86.71
86.81
86.91
87.01
87.11
87.21
87.31
87.41
87.51
87.61
87.71
87.81
87.91
88.01
88.11
88.21
88.31
88.41
88.51
88.61
88.71
88.81
88.91
89.01
89.11
89.21
89.31
89.41
89.51
89.61
89.71
89.81
89.91
90.01
90.11
90.21
90.31
90.41
90.51
90.61
90.71
90.81
90.91
91.01
91.11
91.21
91.31
91.41
91.51
91.61
91.71
91.81
91.91
92.01
92.11
92.21
92.31
92.41
92.51
92.61
92.71
92.81
92.91
93.01
93.11
93.21
93.31
93.41
93.51
93.61
93.71
93.81
93.91
94.01
94.11
94.21
94.31
94.41
94.51
94.61
94.71
94.81
94.91
95.01
95.11
95.21
95.31
95.41
95.51
95.61
95.71
95.81
95.91
96.01
96.11
96.21
96.31
96.41
96.51
96.61
96.71
96.81
96.91
97.01
97.11
97.21
97.31
97.41
97.51
97.61
97.71
97.81
97.91
98.01
98.11
98.21
98.31
98.41
98.51
98.61
98.71
98.81
98.91
99.01
99.11
99.21
99.31
99.41
99.51
99.61
99.71
99.81
99.91
100.01
101.01
102.01
103.01
104.01
105.01
106.01
107.01
108.01
109.01
110.01
111.01
112.01
113.01
114.01
115.01
116.01
117.01
118.01
119.01
120.01
121.01
122.01
123.01
124.01
125.01
126.01
127.01
128.01
129.01
130.01
131.01
132.01
133.01
134.01
135.01
136.01
137.01
138.01
139.01
140.01
141.01
142.01
143.01
144.01
145.01
146.01
147.01
148.01
149.01
150.01
151.01
152.01
153.01
154.01
155.01
156.01
157.01
158.01
159.01
160.01
161.01
162.01
163.01
164.01
165.01
166.01
167.01
168.01
169.01
170.01
171.01
172.01
173.01
174.01
175.01
176.01
177.01
178.01
179.01
180.01
181.01
182.01
183.01
184.01
185.01
186.01
187.01
188.01
189.01
190.01
191.01
192.01
193.01
194.01
195.01
196.01
197.01
198.01
199.01
200.01
201.01
202.01
203.01
204.01
205.01
206.01
207.01
208.01
209.01
210.01
211.01
212.01
213.01
214.01
215.01
216.01
217.01
218.01
219.01
220.01
221.01
222.01
223.01
224.01
225.01
226.01
227.01
228.01
229.01
230.01
231.01
232.01
233.01
234.01
235.01
236.01
237.01
238.01
239.01
240.01
241.01
242.01
243.01
244.01
245.01
246.01
247.01
248.01
249.01
250.01
251.01
252.01
253.01
254.01
255.01
256.01
257.01
258.01
259.01
260.01
261.01
262.01
263.01
264.01
265.01
266.01
267.01
268.01
269.01
270.01
271.01
272.01
273.01
274.01
275.01
276.01
277.01
278.01
279.01
280.01
281.01
282.01
283.01
284.01
285.01
286.01
287.01
288.01
289.01
290.01
291.01
292.01
293.01
294.01
295.01
296.01
297.01
298.01
299.01
300.01
301.01
302.01
303.01
304.01
305.01
306.01
307.01
308.01
309.01
310.01
311.01
312.01
313.01
314.01
315.01
316.01
317.01
318.01
319.01
320.01
321.01
322.01
323.01
324.01
325.01
326.01
327.01
328.01
329.01
330.01
331.01
332.01
333.01
334.01
335.01
336.01
337.01
338.01
339.01
340.01
341.01
342.01
343.01
344.01
345.01
346.01
347.01
348.01
349.01
350.01
351.01
352.01
353.01
354.01
355.01
356.01
357.01
358.01
359.01
360.01
361.01
362.01
363.01
364.01
365.01
366.01
367.01
368.01
369.01
370.01
371.01
372.01
373.01
374.01
375.01
376.01
377.01
378.01
379.01
380.01
381.01
382.01
383.01
384.01
385.01
386.01
387.01
388.01
389.01
390.01
391.01
392.01
393.01
394.01
395.01
396.01
397.01
398.01
399.01
400.01
401.01
402.01
403.01
404.01
405.01
406.01
407.01
408.01
409.01
410.01
411.01
412.01
413.01
414.01
415.01
416.01
417.01
418.01
419.01
420.01
421.01
422.01
423.01
424.01
425.01
426.01
427.01
428.01
429.01
430.01
431.01
432.01
433.01
434.01
435.01
436.01
437.01
438.01
439.01
440.01
441.01
442.01
443.01
444.01
445.01
446.01
447.01
448.01
449.01
450.01
451.01
452.01
453.01
454.01
455.01
456.01
457.01
458.01
459.01
460.01
461.01
462.01
463.01
464.01
465.01
466.01
467.01
468.01
469.01
470.01
471.01
472.01
473.01
474.01
475.01
476.01
477.01
478.01
479.01
480.01
481.01
482.01
483.01
484.01
485.01
486.01
487.01
488.01
489.01
490.01
491.01
492.01
493.01
494.01
495.01
496.01
497.01
498.01
499.01
500.01
501.01
502.01
503.01
504.01
505.01
506.01
507.01
508.01
509.01
510.01
511.01
512.01
513.01
514.01
515.01
516.01
517.01
518.01
519.01
520.01
521.01
522.01
523.01
524.01
525.01
526.01
527.01
528.01
529.01
530.01
531.01
532.01
533.01
534.01
535.01
536.01
537.01
538.01
539.01
540.01
541.01
542.01
543.01
544.01
545.01
546.01
547.01
548.01
549.01
550.01
551.01
552.01
553.01
554.01
555.01
556.01
557.01
558.01
559.01
560.01
561.01
562.01
563.01
564.01
565.01
566.01
567.01
568.01
569.01
570.01
571.01
572.01
573.01
574.01
575.01
576.01
577.01
578.01
579.01
580.01
581.01
582.01
583.01
584.01
585.01
586.01
587.01
588.01
589.01
590.01
591.01
592.01
593.01
594.01
595.01
596.01
597.01
598.01
599.01
600.01
601.01
602.01
603.01
604.01
605.01
606.01
607.01
608.01
609.01
610.01
611.01
612.01
613.01
614.01
615.01
616.01
617.01
618.01
619.01
620.01
621.01
622.01
623.01
624.01
625.01
626.01
627.01
628.01
629.01
630.01
631.01
632.01
633.01
634.01
635.01
636.01
637.01
638.01
639.01
640.01
641.01
642.01
643.01
644.01
645.01
646.01
647.01
648.01
649.01
650.01
651.01
652.01
653.01
654.01
655.01
656.01
657.01
658.01
659.01
660.01
661.01
662.01
663.01
664.01
665.01
666.01
667.01
668.01
669.01
670.01
671.01
672.01
673.01
674.01
675.01
676.01
677.01
678.01
679.01
680.01
681.01
682.01
683.01
684.01
685.01
686.01
687.01
688.01
689.01
690.01
691.01
692.01
693.01
694.01
695.01
696.01
697.01
698.01
699.01
700.01
701.01
702.01
703.01
704.01
705.01
706.01
707.01
708.01
709.01
710.01
711.01
712.01
713.01
714.01
715.01
716.01
717.01
718.01
719.01
720.01
721.01
722.01
723.01
724.01
725.01
726.01
727.01
728.01
729.01
730.01
731.01
732.01
733.01
734.01
735.01
736.01
737.01
738.01
739.01
740.01
741.01
742.01
743.01
744.01
745.01
746.01
747.01
748.01
749.01
750.01
751.01
752.01
753.01
754.01
755.01
756.01
757.01
758.01
759.01
760.01
761.01
762.01
763.01
764.01
765.01
766.01
767.01
768.01
769.01
770.01
771.01
772.01
773.01
774.01
775.01
776.01
777.01
778.01
779.01
780.01
781.01
782.01
783.01
784.01
785.01
786.01
787.01
788.01
789.01
790.01
791.01
792.01
793.01
794.01
795.01
796.01
797.01
798.01
799.01
800.01
801.01
802.01
803.01
804.01
805.01
806.01
807.01
808.01
809.01
810.01
811.01
812.01
813.01
814.01
815.01
816.01
817.01
818.01
819.01
820.01
821.01
822.01
823.01
824.01
825.01
826.01
827.01
828.01
829.01
830.01
831.01
832.01
833.01
834.01
835.01
836.01
837.01
838.01
839.01
840.01
841.01
842.01
843.01
844.01
845.01
846.01
847.01
848.01
849.01
850.01
851.01
852.01
853.01
854.01
855.01
856.01
857.01
858.01
859.01
860.01
861.01
862.01
863.01
864.01
865.01
866.01
867.01
868.01
869.01
870.01
871.01
872.01
873.01
874.01
875.01
876.01
877.01
878.01
879.01
880.01
881.01
882.01
883.01
884.01
885.01
886.01
887.01
888.01
889.01
890.01
891.01
892.01
893.01
894.01
895.01
896.01
897.01
898.01
899.01
900.01
901.01
902.01
903.01
904.01
905.01
906.01
907.01
908.01
909.01
910.01
911.01
912.01
913.01
914.01
915.01
916.01
917.01
918.01
919.01
920.01
921.01
922.01
923.01
924.01
925.01
926.01
927.01
928.01
929.01
930.01
931.01
932.01
933.01
934.01
935.01
936.01
937.01
938.01
939.01
940.01
941.01
942.01
943.01
944.01
945.01
946.01
947.01
948.01
949.01
950.01
951.01
952.01
953.01
954.01
955.01
956.01
957.01
958.01
959.01
960.01
961.01
962.01
963.01
964.01
965.01
966.01
967.01
968.01
969.01
970.01
971.01
972.01
973.01
974.01
975.01
976.01
977.01
978.01
979.01
980.01
981.01
982.01
983.01
984.01
985.01
986.01
987.01
988.01
989.01
990.01
991.01
992.01
993.01
994.01
995.01
996.01
997.01
998.01